2070.48 0
0 128 188 280 248 339 389 338 279 220 0
0 129 228 287 346 397 347 288 189 243 0
0 0
0 230 290 364 406 408 369 403 402 401 342 0
0 272 331 390 391 332 327 386 384 366 379 306 0
0 119 71 136 195 254 353 300 312 257 144 266 267 0
0 0
0 0
0 199 259 318 377 374 315 311 419 359 251 299 179 0
0 187 247 307 392 367 387 326 0
0 203 258 317 372 360 413 314 255 256 191 196 0
0 262 313 323 382 383 324 378 319 246 264 186 0
0 409 410 310 351 250 356 415 414 355 295 0
0 87 67 152 211 270 321 302 388 333 274 214 0
0 68 160 219 278 329 363 396 341 282 223 222 0
0 131 239 298 357 412 365 405 354 296 190 0
0 147 206 207 127 212 271 330 381 362 393 334 0
0 398 399 340 308 400 368 395 394 335 275 215 155 0
0 66 126 204 263 322 373 361 385 380 325 0
0 416 370 411 407 348 309 343 249 283 163 0
0 69 168 227 286 337 304 404 349 350 291 231 236 0
0 130 417 358 418 371 376 375 316 138 79 0
0 185 297 352 305 345 294 235 176 171 70 0
0 143 202 253 241 301 320 265 205 260 181 0
0 7 92 151 210 261 242 328 273 268 182 0
0 8 100 159 218 269 303 336 281 276 183 0
0 9 108 167 226 277 244 344 289 284 184 0
0 10 116 175 234 285 245 292 237 238 178 59 0
0 18 6 84 139 198 197 192 120 420 0
0 53 14 113 74 180 252 240 293 194 75 16 15 0
0 23 82 133 121 193 142 83 24 19 78 137 132 77 17 0
0 31 90 141 122 153 208 201 150 91 32 27 26 25 20 0
0 39 98 149 123 209 158 99 40 95 154 213 94 35 0
0 47 106 157 124 217 166 107 48 103 162 221 102 43 0
0 55 114 165 125 225 174 115 56 111 170 229 110 51 0
0 13 22 73 61 140 200 145 146 86 85 80 1 0
0 21 30 81 62 148 93 34 33 88 2 28 0
0 29 38 89 63 156 216 161 101 42 41 96 3 36 0
0 37 46 97 64 164 224 169 109 50 49 104 4 44 0
0 45 54 105 65 172 232 177 58 57 112 5 0
0 52 117 118 11 76 135 134 233 173 60 72 12 0
