1962.45 0
0 3 158 0
0 26 149 195 12 109 177 54 130 165 55 25 67 0
0 27 167 127 190 31 88 148 0
0 29 169 121 0
0 37 100 193 91 191 141 16 61 173 84 5 118 0
0 60 83 125 46 174 8 199 45 17 113 86 140 38 0
0 79 129 78 34 164 135 35 0
0 85 98 151 92 99 104 94 96 59 93 0
0 111 154 138 28 0
0 119 44 192 14 142 172 42 87 97 95 117 0
0 132 69 162 101 70 30 122 51 9 120 81 33 185 0
0 133 74 171 145 41 22 0
0 136 65 71 161 103 66 188 20 128 0
0 137 58 105 53 152 13 0
0 146 52 18 114 82 48 168 47 0
0 150 80 68 0
0 155 4 0
0 156 112 183 6 147 89 166 153 106 194 7 0
0 157 102 50 0
0 160 131 32 181 63 126 90 108 0
0 163 24 134 0
0 170 187 139 39 23 186 56 75 197 72 0
0 176 1 0
0 179 110 198 21 73 43 15 57 144 178 115 2 40 180 0
0 182 123 19 107 175 11 64 49 143 36 124 0
0 184 116 77 196 76 0
0 189 10 159 62 0